## Wilmoth log-quad model coefficients, interpolated to single years age 15:80
lq1_m <- structure(c(-4.04457282388477, -4.00727212651382, -3.93740052043582,
                     -3.83789864673989, -3.72122258489754, -3.60220727397589, -3.49568765304204,
                     -3.4164986611631, -3.37526663820977, -3.36578352726702, -3.37763267222342,
                     -3.40039741696754, -3.42366110538792, -3.43909479248379, -3.44672037769698,
                     -3.44864747157996, -3.44698568468524, -3.44384462756528, -3.44085382381159,
                     -3.4377224491717, -3.43367959243216, -3.42795434237953, -3.41977578780034,
                     -3.4089150676643, -3.39731152167373, -3.3874465397141, -3.38180151167086,
                     -3.38285782742949, -3.39205733154806, -3.40668368727504, -3.42298101253153,
                     -3.43719342523859, -3.44556504331732, -3.44556661458321, -3.43957540642945,
                     -3.43119531614364, -3.42403024101339, -3.42168407832628, -3.42620897052247,
                     -3.4334500406523, -3.43770065691863, -3.43325418752434, -3.4144040006723,
                     -3.37733020218666, -3.32575984837667, -3.26530673317282, -3.20158465050564,
                     -3.14020739430562, -3.0851213238703, -3.03360305996525, -2.98126178872305,
                     -2.92370669627631, -2.8565469687576, -2.77689888844895, -2.68790712223014,
                     -2.59422343313034, -2.50049958417878, -2.41138733840464, -2.33028514622388,
                     -2.25557820759945, -2.18439840988107, -2.11387764041844, -2.04114778656127,
                     -1.96415372580453, -1.88409229622422, -1.80297332604157, 1.08293474337023,
                     1.05361165226085, 1.04247971314827, 1.05174057899351, 1.07596555360256,
                     1.10781835349266, 1.13996269518104, 1.16506229518495, 1.17751099705926,
                     1.17862315250941, 1.17144324027851, 1.15901573910963, 1.14438512774588,
                     1.12998389044994, 1.1157965335629, 1.10119556894545, 1.08555350845828,
                     1.06824286396208, 1.04885493766654, 1.0278561931773, 1.00593188444904,
                     0.983767265436395, 0.962047590094026, 0.941054733796526, 0.919457057598256,
                     0.895519543973518, 0.867507175396614, 0.833684934341847, 0.793015304337583,
                     0.747250773128445, 0.698841329513121, 0.650236962290297, 0.603887660258663,
                     0.561510271705905, 0.521889082875708, 0.483075239500758, 0.44311988731374,
                     0.400074172047341, 0.352835286597335, 0.303684612511856, 0.255749578502127,
                     0.212157613279374, 0.176036145554819, 0.149513737339349, 0.130723483842497,
                     0.116799613573463, 0.104876355041442, 0.0920879367556321, 0.0764235044624392,
                     0.0592918728571055, 0.0429567738720823, 0.0296819394398207, 0.0217311014927721,
                     0.0205495168781435, 0.0243085421021656, 0.0303610585858248, 0.0360599477501078,
                     0.038758091016001, 0.03656574855932, 0.0306226955751964, 0.0228260860135909,
                     0.0150730738244642, 0.00926081295777703, 0.0067487141916767,
                     0.00674521561705734, 0.00792101215299974, 0.0679513646587908,
                     0.071085497484796, 0.0749508953560368, 0.0793962355053619, 0.0840301001416253,
                     0.0884010477176826, 0.0920576366863892, 0.0945484255006006, 0.0955560334723572,
                     0.0952993233504386, 0.0941312187428094, 0.0924046432574341, 0.0904725205022772,
                     0.0886185849425595, 0.0868498144725268, 0.0851039978436814, 0.0833189238075255,
                     0.0814323811155612, 0.0794070851159, 0.0773054575430902, 0.0752148467282897,
                     0.073222601002656, 0.0714160686973468, 0.0698236934513528, 0.0682383001349963,
                     0.0663938089264329, 0.0640241400038177, 0.0608632135453063, 0.0567439327389574,
                     0.0518951328124432, 0.0466446320033396, 0.0413202485492223, 0.036249800687667,
                     0.0316623568686312, 0.0273919863915997, 0.023174008768439, 0.0187437435110158,
                     0.0138365101311965, 0.00830209124706054, 0.00244812190153836,
                     -0.00330329975622685, -0.00853007557709184, -0.0128101074119134,
                     -0.0158525658118977, -0.0178916961296488, -0.0192930124181198,
                     -0.0204220287302642, -0.0216442591190353, -0.0232158067901429,
                     -0.024955131560323, -0.0265712823990678, -0.0277733082758698,
                     -0.0282702581602213, -0.0278791331390728, -0.0268487427692073,
                     -0.0255358487248661, -0.0242972126802903, -0.023489596309721,
                     -0.0233644610333659, -0.0237520672552984, -0.0243773751255583,
                     -0.0249653447941854, -0.0252409364112197, -0.0250075365343721,
                     -0.0243822373520386, -0.0235605574602862, 0.190687827832027,
                     0.20230774735961, 0.216109468588607, 0.232014837203739, 0.249370812369499,
                     0.267380631620327, 0.28524753249066, 0.302174752514936, 0.317505812754497,
                     0.331145368378292, 0.343138358082173, 0.353529720561995, 0.362364394513608,
                     0.369687850540605, 0.375547686877537, 0.379992033666692, 0.38306902105036,
                     0.384826779170831, 0.385332929512332, 0.38473305892684, 0.38319224560827,
                     0.380875567750538, 0.377948103547558, 0.374519313296771, 0.37047618570972,
                     0.365650091601472, 0.359872401787096, 0.352974487081659, 0.344869655126518,
                     0.33579896086818, 0.326085396079441, 0.316051952533097, 0.306021622001942,
                     0.296230430838789, 0.286566543716516, 0.276831159888018, 0.266825478606189,
                     0.256350699123925, 0.24530151258287, 0.23394657767967, 0.222648044999721,
                     0.21176806512842, 0.201668788651162, 0.19260077108469, 0.184368187671135,
                     0.176663618583974, 0.169179643996683, 0.16160884408274, 0.153722850925375,
                     0.145609504246829, 0.137435695679096, 0.129368316854171, 0.121574259404048,
                     0.114171640452914, 0.107083479093727, 0.100184019911637, 0.0933475074917959,
                     0.0864481864193535, 0.079416783646609, 0.0724099555944543, 0.0656408410509298,
                     0.0593225788040756, 0.0536683076419322, 0.0488012131248851, 0.0444846679027011,
                     0.0403920913974927),
                   .Dim = c(66L, 4L), .Dimnames = list(NULL, c("ax_m", "bx_m", "cx_m", "vx_m")))

